9.82868
9.8555
9.67066
9.85978
9.84119
9.86152
9.796
9.72433
9.86606
9.81831
9.76644
9.77248
9.79407
9.89471
9.74619
9.83902
9.87725
9.78188
9.87217
9.75883
9.85746
9.83597
9.71238
9.78939
9.76057
9.84263
9.7973
9.71182
9.86735
9.81679
9.84317
9.7753
9.75785
9.87369
9.86888
9.80396
9.73821
9.84687
9.85484
9.72465
9.86162
9.82629
9.78718
9.85989
9.69586
9.84176
9.86736
9.78782
9.76106
9.75893
9.83836
9.87142
9.71063
9.83564
9.82769
9.79384
9.86053
9.79375
9.87779
9.76057
9.77906
9.82814
9.76463
9.85935
9.73519
9.7797
9.87824
9.81056
9.83024
9.76311
9.83892
9.90483
9.77693
9.83552
9.80088
9.88296
9.80893
9.68822
9.82683
9.846
9.77786
9.78523
9.76095
9.90096
9.78025
9.74532
9.77365
9.75917
9.86682
9.68325
9.80354
9.89406
9.77606
9.80081
9.69534
9.80123
9.86618
9.69423
9.80882
9.79307
9.80353
9.82542
9.70149
9.8376
9.82726
9.71655
9.70425
9.77101
9.8833
9.78903
9.73626
9.80905
9.8335
9.86572
9.67098
9.76622
9.82585
9.73488
9.82509
9.74574
9.89788
9.82607
9.74738
9.87195
9.79351
9.83814
9.79212
9.72973
9.90635
9.85238
9.73702
9.77291
9.81722
9.91907
9.71105
9.74553
9.82487
9.84106
9.8833
9.74738
9.83133
9.89943
9.74803
9.81915
9.7282
9.84956
9.78502
9.73389
9.87098
9.84545
9.93631
9.80322
9.71849
9.94677
9.77442
9.774
9.8253
9.84677
9.89559
9.74049
9.73822
9.81807
9.86597
9.90008
9.65492
9.76656
9.89604
9.74736
9.87261
9.73291
9.80805
9.87283
9.73399
9.82056
9.78124
9.83243
9.84716
9.77638
9.80113
9.81702
9.85279
9.75558
9.77538
9.9057
9.81798
9.7894
9.73359
9.72476
9.94763
9.7128
9.7461
9.87216
9.77702
9.84209
9.75927
9.73887
9.8903
9.7768
9.76116
9.81668
9.88406
9.7848
9.75883
9.83241
9.80893
9.84924
9.75514
9.70105
9.88406
9.7808
9.78037
9.76061
9.85172
9.89548
9.66612
9.77138
9.89831
9.85691
9.87725
9.72249
9.8197
9.87779
9.71817
9.78797
9.7281
9.81548
9.86021
9.7306
9.83111
9.79515
9.90073
9.72832
9.68877
9.92855
9.77003
9.77246
9.79037
9.74471
9.92339
9.773
9.73467
9.83792
9.78706
9.86076
9.76443
9.80201
9.83706
9.80494
9.89688
9.77551
9.82378
9.83705
9.78815
9.80697
9.75049
9.87932
9.85321
9.75278
9.85376
9.80407
9.87359
9.82066
9.70019
9.89879
9.78244
9.83672
9.79255
9.75763
9.88266
9.79729
9.77181
9.80332
9.80395
9.92351
9.75137
9.78546
9.76643
9.83032
9.87626
9.67043
9.79739
9.84394
9.76408
9.82554
9.74499
9.82443
9.88461
9.74769
9.84923
9.83901
9.87261
9.85912
9.67678
9.85892
9.81602
9.88353
9.77365
9.74912
9.89418
9.80623
9.80299
9.77443
9.7696
9.94073
9.73974
9.76137
9.85518
9.86336
9.84783
9.75634
9.79729
9.88919
9.75959
9.84804
9.75482
9.82869
9.81947
9.81679
9.81396
9.83405
9.87723
9.80439
9.76376
9.91214
9.782
9.8543
9.79243
9.70094
9.93568
9.73259
9.7581
9.86626
9.7769
9.87185
9.71084
9.76279
9.92545
9.76874
9.81266
9.7931
9.83208
9.86087
9.77496
9.77312
9.79373
9.93609
9.78578
9.69328
9.88255
9.85593
9.7393
9.83857
9.8045
9.90636
9.76331
9.82243
9.91139
9.81755
9.86432
9.72866
9.7683
9.86703
9.76377
9.80849
9.79276
9.87108
9.91498
9.71773
9.77744
9.86822
9.90777
9.78445
9.73619
9.88145
9.79179
9.83749
9.83662
9.77692
9.95808
9.80968
9.77785
9.8845
9.80471
9.83069
9.76959
9.75568
9.90172
9.80374
9.7312
9.7696
9.85583
9.90766
9.79418
9.79059
9.77606
9.90029
9.79168
9.68175
9.9181
9.82349
9.81926
9.81538
9.68791
9.94775
9.79978
9.7463
9.8239
9.72347
9.90494
9.78817
9.74114
9.8489
9.83945
9.7948
9.75829
9.89548
9.82835
9.74533
9.80709
9.82164
9.80384
9.83759
9.5966
9.87066
9.78221
9.85834
9.75995
9.70106
9.85387
9.81777
9.74962
9.82477
9.71139
9.88374
9.73466
9.80353
9.81397
9.78652
9.84317
9.7281
9.82231
9.84694
9.72422
9.80147
9.71784
9.82153
9.84761
9.69359
9.81396
9.82251
9.81558
9.8144
9.72292
9.90183
9.83177
9.80364
9.77777
9.78212
9.87747
9.81088
9.8275
9.744
9.8111
9.91096
9.6783
9.80729
9.89097
9.7418
9.86208
9.70084
9.82306
9.96468
9.71324
9.86509
9.82749
9.86263
9.85922
9.73662
9.7717
9.83989
9.82584
9.80873
9.68802
9.85594
9.8157
9.84793
9.70911
9.75818
9.90095
9.83371
9.82101
9.79004
9.75246
9.94006
9.67742
9.73422
9.83188
9.80152
9.83187
9.74759
9.79048
9.89528
9.72961
9.84879
9.80298
9.81486
9.84133
9.74127
9.82552
9.79903
9.87349
9.77334
9.74782
9.90614
9.78837
9.84252
9.80905
9.75267
9.99563
9.78144
9.71087
9.85837
9.807
9.89623
9.73005
9.82307
9.89462
9.8182
9.85364
9.78286
9.7671
9.86736
9.8169
9.8145
9.7114
9.85376
9.87283
9.74705
9.83024
9.70965
9.89679
9.87757
9.70729
9.85934
9.8678
9.78512
9.83847
9.73136
9.87185
9.86932
9.81276
9.77972
9.79374
9.9082
9.81418
9.78071
9.77873
9.84086
9.87141
9.68077
9.76962
9.83716
9.80689
9.88027
9.67635
9.87119
9.9082
9.80481
9.80905
9.73411
9.83911
9.85497
9.72487
9.80719
9.80331
9.89755
9.8543
9.72542
9.85419
9.85768
9.81648
9.7972
9.71793
9.91767
9.81549
9.73019
9.84903
9.76409
9.97201
9.78025
9.81659
9.86042
9.7767
9.92853
9.77594
9.78523
9.8679
9.82274
9.81398
9.7695
9.89515
9.9205
9.72853
9.78468
9.74081
9.87933
9.81363
9.68963
9.85902
9.78244
9.83781
9.87185
9.72994
9.87725
9.82771
9.7089
9.89603
9.74038
9.93104
9.79145
9.79299
9.88285
9.83437
9.84847
9.77584
9.79081
9.83857
9.78869
9.78884
9.7986
9.83595
9.80353
9.71236
9.89439
9.83889
9.86185
9.76083
9.72477
9.882
9.78599
9.77551
9.80266
9.82901
9.92448
9.79243
9.73875
9.83749
9.79351
9.85464
9.6701
9.7807
9.85988
9.74857
9.853
9.74705
9.86671
9.83759
9.74835
9.87185
9.81559
9.90084
9.86813
9.68963
9.82402
9.75104
9.88966
9.8239
9.76528
9.88319
9.85605
9.72767
9.83608
9.75882
9.88824
9.73973
9.78414
9.8725
9.82273
9.83619
9.72853
9.8098
9.87098
9.76779
9.8007
9.7819
9.80761
9.86271
9.73519
9.83133
9.8668
9.79233
9.75611
9.68283
9.89943
9.8376
9.76755
9.78478
9.77573
9.90626
9.76443
9.76203
9.82165
9.78101
9.92383
9.6879
9.81691
9.88298
9.7489
9.83587
9.78827
9.83273
9.86833
9.67698
9.7835
9.81625
9.86669
9.8086
9.70685
9.85432
9.86173
9.80538
9.78927
9.74683
9.9405
9.84524
9.76906
9.79265
9.77681
9.84253
9.79287
9.80783
9.83273
9.81614
9.87186
9.75644
9.84483
9.89986
9.81012
9.77863
9.73455
9.84868
9.82554
9.69327
9.7906
9.83416
9.77797
9.75667
9.6772
9.86291
9.82089
9.80592
9.74314
9.78189
9.92864
9.78101
9.75158
9.79038
9.829
9.86616
9.73995
9.77322
9.84176
9.78081
9.80763
9.7229
9.79872
9.90138
9.72843
9.83144
9.72843
9.84933
9.84043
9.77464
9.81365
9.82661
9.83502
9.81255
9.69457
9.86572
9.80517
9.77993
9.81418
9.72811
9.87229
9.79374
9.82617
9.72108
9.83901
9.87747
9.71741
9.7919
9.83628
9.86358
9.85475
9.63854
9.83726
9.91227
9.7596
9.83674
9.73994
9.78676
9.85441
9.60801
9.80147
9.83448
9.81526
9.81949
9.72379
9.86109
9.8681
9.81078
9.78576
9.85659
9.8946
9.77026
9.78885
9.82628
9.81034
9.87867
9.68877
9.83749
9.85441
9.76475
9.90095
9.69436
9.80375
9.92964
9.68823
9.84144
9.79396
9.79662
9.90723
9.66481
9.82673
9.88558
9.782
9.82979
9.72876
9.84815
9.86007
9.79101
9.76831
9.7987
9.8845
9.77035
9.80829
9.80125
9.80055
9.85902
9.74618
9.79287
9.91335
9.81732
9.93491
9.72788
9.81925
9.89625
9.763
9.82575
9.76905
9.84558
9.82389
9.73651
9.85376
9.79244
9.84187
9.85034
9.67644
9.83575
9.81526
9.82922
9.73799
9.75148
9.86508
9.79472
9.72182
9.78502
9.85032
9.90085
9.73564
9.77312
9.84383
9.79493
9.86572
9.74716
9.82781
9.83067
9.74726
9.81233
9.749
9.84394
9.91875
9.71334
9.8833
9.85626
9.8749
9.74788
9.67787
9.83597
9.82804
9.76622
9.83188
9.83436
9.86692
9.78686
9.79114
9.77279
9.77735
9.88834
9.70719
9.78081
9.84317
9.80098
9.9056
9.69489
9.78338
9.97718
9.71345
9.84416
9.72961
9.81144
9.87098
9.70881
9.85042
9.87479
9.83662
9.81992
9.73401
9.85011
9.83771
9.84493
9.80168
9.75982
9.91357
9.78156
9.81496
9.76851
9.81613
9.97663
9.65395
9.7671
9.81948
9.72378
9.83791
9.72269
9.82944
9.93665
9.75992
9.80201
9.8223
9.80881
9.89755
9.73412
9.76689
9.80515
9.87998
9.76645
9.70107
9.89494
9.82164
9.83925
9.76677
9.74802
9.9774
9.79397
9.81364
9.8376
9.80559
9.86681
9.76852
9.74696
9.84318
9.80581
9.82497
9.73455
9.81525
9.90821
9.71225
9.77377
9.79253
9.88899
9.83154
9.7253
9.84372
9.86292
9.86185
9.81288
9.7128
9.94245
9.85292
9.80114
9.82739
9.79978
9.89744
9.76906
9.72521
9.84837
9.87554
9.79708
9.75765
9.82618
9.90733
9.80516
9.83121
9.75289
9.9128
9.84352
9.7253
9.82001
9.82651
9.86316
9.77137
9.74246
9.90657
9.89809
9.80199
9.83132
9.78836
9.90766
9.74465
9.78621
9.91216
9.80495
9.84956
9.71139
9.82803
9.86724
9.83555
9.8031
9.76321
9.88362
9.90875
9.70083
9.84815
9.81022
9.83814
9.77809
9.69105
9.89396
9.78979
9.77839
9.83264
9.7465
9.914
9.78554
9.76885
9.85901
9.81819
9.86615
9.73521
9.8253
9.84427
9.77143
9.8378
9.73379
9.85746
9.9195
9.77779
9.83132
9.76507
9.89063
9.86692
9.75861
9.84176
9.85131
9.85408
9.83696
9.71947
9.83738
9.85096
9.82199
9.77301
9.78761
9.84792
9.85206
9.76644
9.75008
9.77134
9.94839
9.75785
9.80992
9.8641
9.76464
9.89526
9.72358
9.7451
9.84705
9.77069
9.82814
9.76496
9.82694
9.79048
9.7462
9.81947
9.83791
9.83955
9.86496
9.77037
9.87791
9.79913
9.8489
9.77399
9.80517
9.90647
9.84578
9.83447
9.81354
9.77058
9.90592
9.71085
9.81266
9.83707
9.84107
9.85979
9.76257
9.78027
9.88395
9.75365
9.79005
9.76269
9.86097
9.83781
9.70009
9.80698
9.84139
9.80352
9.84902
9.70106
9.91193
9.79244
9.81034
9.83089
9.75981
9.90625
9.72942
9.74314
9.8832
9.84226
9.86572
9.74455
9.82705
9.87217
9.8348
9.81321
9.78697
9.81385
9.85572
9.77649
9.80633
9.75775
9.89018
9.82617
9.72422
9.86431
9.85604
9.79807
9.79179
9.68822
9.8252
9.79232
9.7796
9.81429
9.78265
9.89656
9.78014
9.76712
9.81397
9.84096
9.87293
9.7462
9.824
9.89063
9.807
9.78502
9.6747
9.88624
9.882
9.7365
9.80773
9.7682
9.84252
9.86076
9.76926
9.88353
9.76764
9.79892
9.79556
9.76528
9.91226
9.79385
9.80309
9.81483
9.78869
9.85441
9.75808
9.74985
9.81342
9.75277
9.86551
9.72194
9.80496
9.86604
9.77638
9.8186
9.78698
9.8542
9.88537
9.74662
9.79556
9.79891
9.92633
9.80697
9.69182
9.87173
9.82264
9.81451
9.7392
9.72476
9.8239
9.79947
9.85387
9.80959
9.77714
9.91832
9.77344
9.74729
9.82991
9.80753
9.83771
9.75743
9.77895
9.90735
9.7999
9.84296
9.76787
9.89537
9.89536
9.73639
9.77994
9.82803
9.84946
9.82639
9.74212
9.89527
9.79827
9.80783
9.80213
9.75862
9.92372
9.77365
9.72238
9.87141
9.75397
9.84284
9.80451
9.77874
9.88546
9.84633
9.82369
9.75645
9.84416
9.85396
9.81732
9.8542
9.79135
9.89765
9.77442
9.71269
9.91162
9.82891
9.87174
9.83825
9.71762
9.83783
9.90129
9.79157
9.80135
9.73093
9.94633
9.78244
9.72647
9.87304
9.81013
9.88396
9.76388
9.81647
9.8423
9.79958
9.83793
9.73684
9.81494
9.88386
9.77015
9.81959
9.81592
9.82738
9.93059
9.67764
9.83749
9.82704
9.79243
9.86594
9.71248
9.88932
9.85011
9.80697
9.74575
9.76495
9.87758
9.76883
9.78698
9.80772
9.77789
9.96543
9.76421
9.78577
9.90809
9.74661
9.82489
9.71676
9.76874
9.87844
9.71937
9.80675
9.77377
9.78706
9.86551
9.76398
9.79037
9.78103
9.8957
9.78566
9.71085
9.85485
9.83846
9.85649
9.80232
9.76549
9.93524
9.77092
9.7315
9.88976
9.78166
9.92449
9.67535
9.78588
9.90614
9.71686
9.80762
9.81024
9.80913
9.88343
9.71345
9.83761
9.78784
9.83371
9.84836
9.75895
9.88845
9.78708
9.85725
9.82044
9.83415
9.86151
9.743
9.80308
9.92005
9.78968
9.83685
9.72734
9.84086
9.88385
9.68337
9.8389
9.80949
9.8569
9.82727
9.71192
9.82056
9.81439
9.82165
9.79199
9.70204
9.83532
9.74499
9.75039
9.8144
9.79363
9.84881
9.71675
9.80937
9.85021
9.82856
9.86789
9.73875
9.82111
9.86626
9.75873
9.81288
9.78168
9.81298
9.8376
9.69866
9.83144
9.80113
9.81724
9.83186
9.71838
9.91734
9.81036
9.70922
9.78037
9.74158
9.91962
9.75558
9.74071
9.88427
9.75949
9.77668
9.78059
9.80969
9.92545
9.74192
9.76613
9.80013
9.84306
9.81013
9.7185
9.88256
9.7921
9.81681
9.773
9.70621
9.98138
9.76059
9.72019
9.84891
9.72421
9.92963
9.74952
9.81582
9.8891
9.74912
9.83013
9.81462
9.82954
9.93017
9.75872
9.7895
9.83989
9.84372
9.85117
9.67753
9.8487
9.82585
9.77585
9.80255
9.78772
9.97565
9.77573
9.72766
9.84979
9.78718
9.90021
9.7862
9.70977
9.86726
9.77649
9.81288
9.79124
9.82792
9.92005
9.7596
9.77202
9.84
9.86614
9.83231
9.72432
9.89495
9.78025
9.84633
9.77809
9.79383
9.92952
9.79774
9.73453
9.88987
9.75731
9.84782
9.75257
9.73962
9.94072
9.74169
9.83176
9.76256
9.85801
9.88308
9.76495
9.81969
9.84579
9.81947
9.81376
9.71707
9.92964
9.86659
9.79936
9.77343
9.76311
9.89406
9.74782
9.75656
9.90106
9.76874
9.7781
9.77648
9.83285
9.83793
9.78277
9.83652
9.7809
9.8578
9.84781
9.77014
9.85978
9.81626
9.80362
9.81992
9.70182
9.88966
9.74421
9.74717
9.83639
9.77541
9.87639
9.76906
9.7149
9.84956
9.80451
9.84945
9.77529
9.78751
9.86131
9.79925
9.81255
9.74639
9.86141
9.83176
9.79395
9.87586
9.74771
9.86669
9.7906
9.64242
9.91843
9.81492
9.79882
9.8489
9.69997
9.87044
9.84514
9.67383
9.81375
9.7684
9.86033
9.76807
9.79352
9.84868
9.81087
9.84242
9.79805
9.80353
9.87888
9.74072
9.81354
9.74105
9.87336
9.81408
9.68986
9.81829
9.81657
9.8538
9.79718
9.68757
9.85859
9.79937
9.70845
9.73358
9.80505
9.87834
9.81472
9.79299
9.89515
9.79536
9.84838
9.75765
9.77431
9.8613
9.77529
9.79038
9.7861
9.87489
9.83099
9.71334
9.81991
9.79211
9.86195
9.80298
9.67819
9.87077
9.85218
9.71664
9.80244
9.74662
9.9538
9.8134
9.7114
9.81504
9.81734
9.84803
9.7173
9.73939
9.88483
9.81678
9.80332
9.76689
9.72907
9.91269
9.75895
9.73898
9.76732
9.8334
9.8502
9.75872
9.80266
9.78785
9.82488
9.80839
9.74093
9.86497
9.85376
9.74696
9.7558
9.7767
9.87703
9.72238
9.73302
9.83682
9.82295
9.89998
9.71999
9.72293
9.92984
9.73695
9.77699
9.76971
9.7821
9.83133
9.7406
9.76688
9.78222
9.83803
9.79168
9.77004
9.83575
9.79738
9.83503
9.79134
9.74234
9.96479
9.81495
9.744
9.87293
9.77756
9.78831
9.7215
9.82382
9.88449
9.70118
9.80212
9.81756
9.87789
9.82565
9.72334
9.81731
9.83295
9.84989
9.79123
9.77069
9.87615
9.7327
9.7808
9.83803
9.74607
9.92973
9.786
9.74006
9.88942
9.79373
9.87087
9.77127
9.84076
9.85869
9.7709
9.82356
9.78135
9.84316
9.89603
9.7004
9.86077
9.82001
9.88744
9.7439
9.70665
9.8945
9.80483
9.76959
9.86594
9.78892
9.90074
9.73456
9.7115
9.90602
9.7821
9.80125
9.75547
9.82913
9.87755
9.77112
9.81839
9.82814
9.8145
9.80255
9.67852
9.8654
9.8265
9.83977
9.76622
9.83437
9.8945
9.80991
9.7326
9.8654
9.77691
9.84816
9.75279
9.7682
9.89997
9.80765
9.73767
9.80958
9.81603
9.84286
9.72821
9.82585
9.80925
9.79156
9.78501
9.70084
9.90657
9.81364
9.7305
9.78961
9.81636
9.90603
9.75885
9.71997
9.89008
9.78869
9.89009
9.7507
9.72953
9.87173
9.81121
9.82661
9.8156
9.86725
9.90127
9.74651
9.7908
9.78827
9.87856
9.86228
9.68779
9.86065
9.78412
9.79322
9.76148
9.77179
9.91226
9.87468
9.80265
9.79038
9.83997
9.90787
9.79167
9.78675
9.86443
9.80591
9.85999
9.70999
9.79893
9.8944
9.72313
9.82444
9.73919
9.8377
9.91842
9.82294
9.7962
9.77992
9.83373
9.9472
9.74836
9.79123
9.83427
9.8389
9.81981
9.68888
9.82585
9.8579
9.82531
9.77214
9.73564
9.90776
9.76752
9.78233
9.83013
9.7667
9.90137
9.77081
9.80902
9.83057
9.80526
9.80806
9.74027
9.7695
9.88779
9.7363
9.82562
9.73379
9.7214
9.89997
9.74531
9.83099
9.78233
9.84944
9.87163
9.72313
9.81363
9.80144
9.83934
9.84306
9.78265
9.8543
9.79936
9.80178
9.81299
9.72895
9.9293
9.78532
9.7529
9.82862
9.74759
9.90041
9.76321
9.7281
9.87672
9.79936
9.80969
9.75721
9.77517
9.85485
9.81646
9.80893
9.7974
9.84011
9.85268
9.71259
9.83628
9.82966
9.80123
9.84438
9.72227
9.89472
9.82758
9.73358
9.81883
9.72411
9.94806
9.74114
9.78685
9.82036
9.81809
9.93525
9.76267
9.78058
9.91183
9.77584
9.79091
9.7863
9.88149
9.89505
9.72444
9.82509
9.74019
9.80815
9.81494
9.6879
9.8502
9.81505
9.76961
9.75985
9.78081
9.88318
9.792
9.76884
9.82532
9.81777
9.93147
9.75841
9.75504
9.88221
9.81142
9.87218
9.65091
9.84633
9.91647
9.7005
9.79545
9.76278
9.88558
9.88287
9.69997
9.82488
9.86877
9.83835
9.85969
9.77518
9.7808
9.90699
9.73976
9.7257
9.79839
9.88591
9.72313
9.79081
9.73325
9.7932
9.88418
9.70183
9.79124
9.88943
9.78825
9.85506
9.71159
9.78243
9.93372
9.68997
9.84198
9.86649
9.84317
9.84804
9.68942
9.8144
9.90896
9.85572
9.77885
9.78134
9.85561
9.79697
9.78807
9.77312
9.75895
9.94114
9.8278
9.72075
9.88845
9.7808
9.84901
9.79406
9.74444
9.87121
9.79913
9.83739
9.81968
9.81548
9.84913
9.74181
9.81406
9.82803
9.80199
9.87055
9.69501
9.84318
9.88666
9.81538
9.83003
9.73498
9.94126
9.85647
9.71194
9.82532
9.7846
9.96509
9.71751
9.785
9.94786
9.77112
9.88266
9.69899
9.83891
9.87866
9.79493
9.79125
9.8389
9.88504
9.81386
9.73564
9.86065
9.82912
9.78994
9.83155
9.7352
9.86163
9.84327
9.78103
9.80697
9.73574
9.88953
9.78545
9.68736
9.83716
9.81066
9.7909
9.77627
9.82617
9.86551
9.78815
9.8323
9.72356
9.81593
9.85485
9.63176
9.81505
9.81558
9.81089
9.8489
9.68304
9.91334
9.86306
9.77528
9.84869
9.74737
9.93147
9.85582
9.69381
9.8554
9.90323
9.80771
9.74521
9.77014
9.82607
9.84064
9.74379
9.70042
9.84804
9.90744
9.71204
9.82122
9.83436
9.85086
9.80201
9.70696
9.81419
9.82056
9.68911
9.81169
9.7365
9.88395
9.83491
9.67042
9.85465
9.83393
9.89732
9.83427
9.74488
9.86605
9.78904
9.81342
9.76797
9.81154
9.87109
9.7363
9.85334
9.80385
9.88061
9.81419
9.71324
9.90009
9.79396
9.78598
9.86143
9.74586
9.90701
9.78026
9.7172
9.8362
9.89237
9.82467
9.73377
9.76584
9.88123
9.80548
9.80211
9.76245
9.83815
9.90809
9.74126
9.84274
9.83349
9.86095
9.76699
9.7696
9.90172
9.83274
9.77473
9.81386
9.79903
9.90625
9.7572
9.74062
9.85934
9.79429
9.87077
9.81482
9.84098
9.87682
9.73683
9.83585
9.79319
9.79718
9.86098
9.69479
9.80676
9.82944
9.7809
9.86043
9.7642
9.87164
9.85174
9.73324
9.77442
9.82782
9.86097
9.81461
9.78277
9.8186
9.79936
9.83683
9.72809
9.82966
9.91853
9.69621
9.80556
9.73985
9.82693
9.89538
9.68478
9.85421
9.88084
9.77013
9.83749
9.74695
9.82543
9.86767
9.78123
9.80298
9.8156
9.88998
9.78445
9.75971
9.88986
9.8169
9.88439
9.71903
9.77005
9.87703
9.76518
9.8363
9.69502
9.87434
9.87337
9.74094
9.85431
9.81614
9.80783
9.80763
9.72886
9.87759
9.79817
9.74168
9.78951
9.77939
9.85924
9.73917
9.78092
9.88353
9.79308
9.78961
9.73389
9.81614
9.86714
9.69987
9.8488
9.77715
9.82089
9.81397
9.71838
9.88321
9.83988
9.78772
9.8265
9.7808
9.8831
9.79156
9.73554
9.79102
9.78827
9.87033
9.73876
9.72423
9.95292
9.70632
9.83532
9.745
9.81044
9.90711
9.73433
9.79642
9.88503
9.84459
9.82661
9.75928
9.77972
9.87162
9.76961
9.7439
9.79461
9.86595
9.79026
9.76775
9.81773
9.81755
9.92875
9.71107
9.82121
9.86692
9.79351
9.91843
9.74783
9.86703
9.91259
9.71935
9.81419
9.86175
9.79199
9.92984
9.74586
9.77907
9.89352
9.87534
9.79651
9.76993
9.8364
9.81735
9.75268
9.81288
9.74738
9.87638
9.80386
9.80231
9.88504
9.76486
9.87186
9.72194
9.71072
9.9126
9.81624
9.76614
9.7838
9.77746
9.9058
9.74749
9.79123
9.80256
9.84042
9.73172
9.70095
9.86443
9.80419
9.8378
9.76873
9.75732
9.95971
9.73402
9.76819
9.81299
9.74234
9.91411
9.80211
9.65383
9.91864
9.8169
9.8144
9.76656
9.74234
9.85935
9.74607
9.75502
9.80332
9.84384
9.83651
9.73531
9.8423
9.81679
9.83629
9.74564
9.78609
9.91886
9.74826
9.74422
9.82456
9.79042
9.88889
9.73798
9.73953
9.90537
9.72629
9.78653
9.81925
9.77124
9.89987
9.70676
9.80277
9.86011
9.76334
9.79178
9.76386
9.78928
9.81143
9.76818
9.81363
9.79816
9.8724
9.80483
9.68174
9.85968
9.80471
9.81462
9.71028
9.80915
9.92371
9.74847
9.78305
9.81034
9.82748
9.85453
9.71795
9.85485
9.79537
9.7684
9.80828
9.66645
9.92995
9.73487
9.735
9.8297
9.72379
9.92037
9.77916
9.71281
9.91787
9.73061
9.73119
9.78523
9.83944
9.91325
9.77584
9.74423
9.865
9.81418
9.77291
9.72356
9.85616
9.846
9.78123
9.80827
9.77485
9.90613
9.76818
9.74662
9.88233
9.76474
9.87186
9.75742
9.80439
9.92733
9.73651
9.77917
9.85196
9.79176
9.84265
9.70139
9.77864
9.89701
9.81429
9.81774
9.79266
9.89506
9.78112
9.72358
9.82379
9.84162
9.831
9.67535
9.76322
9.87119
9.77036
9.79533
9.83567
9.83867
9.84859
9.73553
9.81288
9.87467
9.85767
9.76667
9.77541
9.8831
9.81679
9.7767
9.82509
9.76993
9.9015
9.76278
9.72357
9.88888
9.84075
9.85312
9.78783
9.80495
9.94546
9.77639
9.85945
9.81735
9.83251
9.80817
9.70007
9.8364
9.80968
9.88568
9.84242
9.71621
9.87845
9.86788
9.76004
9.83597
9.77047
9.88901
9.79685
9.71214
9.9235
9.74771
9.83575
9.77585
9.76883
9.90821
9.79244
9.79016
9.79353
9.84501
9.94061
9.76377
9.83122
9.78619
9.79232
9.81991
9.72983
9.85496
9.83251
9.74258
9.76678
9.70556
9.86529
9.8389
9.71237
9.88286
9.79914
9.88363
9.77005
9.73508
9.81959
9.79947
9.79027
9.76972
9.84943
9.86088
9.75785
9.7893
9.82263
9.88515
9.83672
9.69588
9.87672
9.8972
9.81045
9.86486
9.65515
9.86001
9.88537
9.74158
9.87628
9.74792
9.93082
9.84568
9.66676
9.87173
9.76387
9.83166
9.7642
9.74487
9.86119
9.78685
9.79092
9.73554
9.86735
9.91973
9.69392
9.8487
9.77797
9.86304
9.86616
9.70729
9.79741
9.81483
9.79992
9.84175
9.68856
9.8254
9.83924
9.74728
9.80211
9.82814
9.85944
9.80569
9.73161
9.88298
9.80624
9.81287
9.75126
9.75709
9.88395
9.75861
9.81352
9.74115
9.86175
9.81861
9.68823
9.80925
9.83704
9.83935
9.83543
9.73941
9.87779
9.88472
9.79807
9.80719
9.77725
9.91939
9.78849
9.67438
9.87836
9.839
9.82673
9.73707
9.76776
9.91205
9.74148
9.79058
9.7986
9.86821
9.88363
9.72875
9.84902
9.81603
9.81701
9.76776
9.71172
9.83188
9.86064
9.78276
9.82488
9.77124
9.89363
9.80945
9.7404
9.83662
9.79882
9.87823
9.79861
9.75005
9.93017
9.82846
9.89342
9.78178
9.75655
9.92545
9.78664
9.86098
9.83966
9.83921
9.89603
9.7061
9.82024
9.84901
9.8223
9.8251
9.76659
9.91756
9.80783
9.7475
9.82465
9.77768
9.93633
9.77452
9.74673
9.84836
9.80711
9.91063
9.79256
9.78696
9.98923
9.75981
9.84155
9.76377
9.76104
9.82981
9.76548
9.76192
9.85529
9.86021
9.86042
9.73476
9.84892
9.83716
9.85725
9.76699
9.75852
9.96499
9.82045
9.7919
9.84285
9.80461
9.89374
9.76366
9.77904
9.89537
9.8641
9.81363
9.76258
9.80913
9.94863
9.80536
9.78929
9.7908
9.9028
9.91182
9.74597
9.81548
9.79772
9.87943
9.82586
9.7709
9.83804
9.84557
9.77464
9.76907
9.77046
9.90788
9.83438
9.77235
9.80244
9.81515
9.84989
9.80495
9.79102
9.85334
9.87294
9.85021
9.69758
9.84065
9.82435
9.79439
9.83035
9.72237
9.82738
9.91582
9.67602
9.80168
9.86369
9.81602
9.87769
9.67655
9.84252
9.88494
9.73432
9.78436
9.81078
9.88417
9.81429
9.75753
9.76742
9.80861
9.87605
9.73334
9.82901
9.79555
9.77572
9.86497
9.74652
9.80968
9.93502
9.68898
9.79556
9.81648
9.77431
9.91291
9.72336
9.83555
9.88614
9.78619
9.80979
9.8111
9.90854
9.86
9.73994
9.82509
9.86521
9.88266
9.74456
9.79957
9.88801
9.77692
9.90625
9.74094
9.81548
9.94731
9.71291
9.7741
9.79343
9.80188
9.86583
9.70137
9.87887
9.82609
9.78663
9.777
9.68834
9.85956
9.76677
9.76875
9.80697
9.7642
9.8713
9.79135
9.77411
9.85913
9.82814
9.849
9.69988
9.81384
9.9248
9.78178
9.77971
9.82716
9.87261
9.86791
9.7173
9.84934
9.83274
9.82079
9.80815
9.79493
9.84847
9.76806
9.81713
9.80104
9.78341
9.95379
9.80969
9.78015
9.94007
9.74793
9.87109
9.80001
9.71469
9.96491
9.79893
9.79685
9.79387
9.76299
9.91875
9.78112
9.73434
9.75841
9.83382
9.82575
9.79838
9.89451
9.86194
9.8624
9.80103
9.72994
9.90031
9.79695
9.77091
9.82358
9.7933
9.94602
9.74706
9.72897
9.93126
9.74858
9.84749
9.73564
9.76181
9.94257
9.82284
9.80288
9.75116
9.86195
9.86152
9.73563
9.78447
9.79772
9.9105
9.8601
9.67066
9.9002
9.82067
9.77091
9.78447
9.72907
9.87681
9.86175
9.74457
9.8264
9.8751
9.88943
9.85649
9.7439
9.84847
9.80418
9.7907
9.73822
9.88484
9.94722
9.72337
9.85924
9.80363
9.85726
9.86464
9.66492
9.82542
9.85196
9.80352
9.80114
9.73445
9.89537
9.76334
9.76895
9.86584
9.82684
9.85442
9.79684
9.77037
9.90008
9.74267
9.84846
9.80265
9.86866
9.90712
9.69457
9.84167
9.8289
9.8502
9.84319
9.6423
9.88385
9.87566
9.76223
9.79081
9.74083
9.8422
9.77971
9.76366
9.83749
9.84547
9.85334
9.7546
9.82145
9.83012
9.77812
9.83533
9.7518
9.90323
9.87736
9.63897
9.86443
9.8458
9.72268
9.81408
9.68866
9.89008
9.86802
9.69693
9.79795
9.81777
9.81538
9.76743
9.74445
9.84252
9.83578
9.79309
9.76245
9.86835
9.8654
9.79493
9.83608
9.83966
9.83782
9.81894
9.68964
9.92448
9.76475
9.77343
9.88396
9.78362
9.88645
9.75873
9.7643
10.0173
9.74125
9.77928
9.77388
9.8068
9.93049
9.73005
9.76623
9.82801
9.83481
9.82023
9.75873
9.81904
9.83535
9.81592
9.84231
9.7933
9.8713
9.78948
9.69195
9.8434
9.87456
9.86151
9.71249
9.8401
9.88374
9.74104
9.79047
9.79014
9.85909
9.82422
9.67798
9.86121
9.83296
9.80946
9.81483
9.75872
9.92295
9.78794
9.72226
9.82684
9.8278
9.8264
9.8322
9.74038
9.8738
9.76397
9.84264
9.79871
9.87359
9.87823
9.72378
9.88429
9.8627
9.88614
9.78949
9.72551
9.92393
9.80484
9.7741
9.81904
9.78287
9.97133
9.79288
9.71425
9.91433
9.8337
9.84209
9.77431
9.72303
9.91357
9.7875
9.80407
9.81385
9.83914
9.8714
9.75981
9.79674
9.82012
9.88559
9.82509
9.70718
9.94093
9.77091
9.73952
9.77487
9.77014
9.95575
9.78631
9.7295
9.92448
9.78762
9.78632
9.78696
9.80484
9.89504
9.84108
9.80741
9.86151
9.8402
9.83036
9.73531
9.87823
9.81088
9.85495
9.76799
9.73521
9.87867
9.74553
9.76431
9.87099
9.76961
9.90073
9.80307
9.76961
9.92789
9.82933
9.80742
9.71139
9.78804
9.89526
9.69965
9.81331
9.82295
9.81428
9.84846
9.81023
9.8666
9.83448
9.82727
9.84307
9.79362
9.8944
9.78478
9.74225
9.88417
9.75927
9.90615
9.7559
9.73488
9.8599
9.79385
9.82629
9.80496
9.76948
9.89549
9.72247
9.80774
9.86305
9.80244
9.83132
9.77625
9.88342
9.81484
9.75083
9.80665
9.76583
9.90679
9.7438
9.72908
9.91345
9.78351
9.8542
9.81133
9.80168
9.93093
9.74135
9.84296
9.76443
9.87424
9.84912
9.73693
9.86097
9.85485
9.72379
9.74238
9.77789
9.98925
9.78696
9.7227
9.92349
9.77036
9.86054
9.78222
9.76753
9.93051
9.78025
9.71108
9.82836
9.77571
9.87142
9.72929
9.79114
9.86094
9.81713
9.81277
9.75204
9.8587
9.86172
9.82878
9.79026
9.74619
9.92897
9.79341
9.80837
9.88517
9.80418
9.91919
9.80646
9.6991
9.84783
9.86325
9.8321
9.73205
9.80517
9.90613
9.8157
9.87692
9.81417
9.91466
9.84749
9.7873
9.84565
9.85173
9.8435
9.84804
9.65384
9.9169
9.85163
9.79298
9.7907
9.76442
9.85486
9.85096
9.73585
9.79491
9.81494
9.90722
9.77364
9.72238
9.81915
9.81767
9.8197
9.73432
9.88712
9.89504
9.72908
9.81991
9.7465
9.81559
9.87747
9.75321
9.78906
9.8278
9.8324
9.76819
9.70052
9.89352
9.88635
9.79177
9.81396
9.78232
9.84383
9.85659
9.74707
9.78555
9.78784
9.90074
9.78069
9.77057
9.81958
9.77573
9.91466
9.74082
9.77692
9.89342
9.76595
9.82575
9.7919
9.79243
9.93049
9.67764
9.81861
9.79342
9.80298
9.82599
9.72336
9.84859
9.87932
9.83912
9.83167
9.75267
9.92438
9.86615
9.73445
9.81828
9.73038
9.93742
9.74553
9.68833
9.85913
9.75905
9.87164
9.74093
9.81711
9.91908
9.77758
9.86529
9.7417
9.83999
9.88461
9.76345
9.83706
9.82858
9.86098
9.86584
9.67602
9.89419
9.81462
9.69327
9.79058
9.71794
9.90756
9.83694
9.69008
9.87812
9.7875
9.82521
9.77917
9.75764
9.82575
9.83296
9.75018
9.83957
9.8277
9.8892
9.7173
9.81343
9.7932
9.82814
9.82618
9.71215
9.90031
9.85681
9.82781
9.80276
9.75817
9.85421
9.91929
9.7185
9.81449
9.81131
9.9057
9.84998
9.75916
9.86
9.85249
9.86715
9.77344
9.78123
9.8724
9.75949
9.88353
9.70633
9.85031
9.90831
9.66989
9.82444
9.8969
9.82174
9.88213
9.69436
9.86574
9.87197
9.79385
9.773
9.73422
9.86086
9.87844
9.78914
9.76169
9.8346
9.89559
9.82597
9.76268
9.90689
9.84128
9.88167
9.77649
9.80385
9.88987
9.7477
9.80633
9.74073
9.76741
9.95402
9.67238
9.86758
9.81377
9.79299
9.86562
9.70018
9.87163
9.83628
9.79299
9.81925
9.80087
9.93676
9.84902
9.72931
9.83099
9.81821
9.82477
9.76356
9.75256
9.86485
9.8046
9.81354
9.75732
9.80363
9.90689
9.79406
9.76257
9.7741
9.84504
9.87195
9.72973
9.86551
9.83661
9.8056
9.74368
9.74125
9.85289
9.71063
9.7597
9.87855
9.76484
9.90538
9.75809
9.7051
9.93103
9.81229
9.821
9.74423
9.81635
9.88211
9.71742
9.76818
9.82716
9.82924
9.86647
9.79493
9.85528
9.85691
9.81788
9.77333
9.71687
9.96872
9.80507
9.69856
9.79687
9.70729
9.97004
9.7742
9.71084
9.90085
9.79482
9.83793
9.79113
9.77244
9.88823
9.81316
9.75753
9.79577
9.782
9.83738
9.79483
9.82024
9.83405
9.8724
9.83857
9.66967
9.8589
9.8044
9.8033
9.78534
9.72963
9.94896
9.82067
9.71752
9.82532
9.78751
9.90182
9.83792
9.71325
9.9183
9.82944
9.76775
9.79665
9.83967
9.88417
9.72919
9.80134
9.82836
9.87315
9.78414
9.71914
9.90711
9.78298
9.8099
9.81441
9.76024
9.8956
9.83199
9.6925
9.84868
9.81743
9.88987
9.78004
9.77057
9.88758
9.75851
9.78588
9.75533
9.80034
9.90592
9.74868
9.77311
9.80903
9.82803
9.76149
9.74792
9.89515
9.8703
9.83318
9.77863
9.8
9.88372
9.81571
9.72593
9.88889
9.79255
9.85508
9.76431
9.76895
9.91215
9.79297
9.8031
9.80849
9.82804
9.94764
9.72498
9.85043
9.80936
9.81111
9.83456
9.74575
9.87888
9.83198
9.74674
9.86681
9.78663
9.88427
9.75181
9.76323
9.86628
9.80537
9.77851
9.72876
9.81067
9.88331
9.78177
9.78489
9.79774
9.87909
9.85914
9.70009
9.84956
9.86325
9.80968
9.87694
9.65372
9.93136
9.76894
9.68845
9.8362
9.85032
9.86206
9.82574
9.75733
9.86033
9.76441
9.77873
9.81482
9.86802
9.83672
9.63474
9.88769
9.81034
9.82068
9.83176
9.73037
9.90721
9.80483
9.72172
9.84772
9.76214
9.83845
9.80046
9.7864
9.83025
9.76852
9.75104
9.80968
9.80493
9.88921
9.69262
9.76851
9.80418
9.85551
9.78349
9.71247
9.90854
9.85084
9.76026
9.8006
9.72325
9.8612
9.80892
9.72412
9.90429
9.76518
9.79146
9.75589
9.8526
9.91184
9.77529
9.81936
9.82109
9.85779
9.85387
9.66504
9.81363
9.85724
9.73952
9.7847
9.7405
9.87725
9.73114
9.75807
9.83684
9.77649
9.87218
9.75731
9.76938
9.94862
9.78069
9.82618
9.78783
9.84589
