0.00898869
0.00278226
0.014329
0.00490851
-0.0117276
-0.0130528
-0.00145074
-0.0174172
-0.0139261
-0.0194728
-0.0123004
-0.00542905
0.00195576
-0.00832353
-0.00324775
0.00863848
0.00306162
0.0120974
-0.00379429
-0.000844574
-0.00988024
-0.00458512
0.00265881
-0.00175742
-0.0020912
0.00943136
0.00275761
-0.0139673
-0.00571958
-0.00291043
-0.000870221
-0.00380726
-0.00952061
0.00301012
-0.00135701
0.00682831
0.00814297
0.00797948
-0.00541083
0.00193155
-0.00161492
-0.00571508
-0.0132238
-0.0158734
-0.00847827
-0.00671733
0.000568597
-7.42717e-05
-0.00836392
-0.00564461
-0.00964384
0.000397875
0.00412344
0.00315479
-0.00120539
0.00167281
-0.00219855
0.000593794
-0.00440377
-0.0117551
-0.00643318
-0.00373084
-0.00184284
-0.00672875
0.00434309
-0.0020961
-0.00249329
-0.00672317
-0.0128527
-0.0111766
-0.0158648
-0.00630854
-0.0245049
-0.0216498
-0.0195547
-0.0128806
-0.00372688
-0.0167831
-0.0123501
-0.01287
-0.0182938
-0.00844946
0.0015354
-0.00372629
-0.00580148
-0.0155879
-0.0156625
-0.0200507
-0.00476956
-0.00107041
-0.012372
0.00919737
0.0103407
-0.00492305
-0.000250694
0.00649666
-0.000429509
-0.003038
0.00841412
0.0127168
-0.00151777
0.00712199
0.0136474
0.00112874
0.00167419
-0.00861069
-0.00322523
0.012237
0.00483111
-0.002082
-0.0014412
0.00818282
0.00617099
-0.0123374
-0.0145451
-0.00281928
-0.0159379
-0.0093672
-0.0059114
0.0051464
-0.00134961
0.00464266
-0.00280462
-0.00822706
-0.010743
-0.00888624
-0.0111907
-0.00727832
0.00105253
-0.0117752
-0.0127304
-0.000507779
0.00301551
0.0139026
-0.000412349
0.000449283
-0.00420311
0.0130048
0.0149284
0.00931106
-0.00159353
-0.00786659
0.00171335
0.017326
0.0117212
0.00588738
0.0033434
0.00206629
-0.0037515
-0.00624019
-0.000797287
0.00253194
-0.000410377
0.00999046
-0.0123134
-0.0180409
-0.0144736
-0.00896037
-0.0179012
-0.0228984
-0.0130346
-0.00363293
-0.0119857
0.00106972
0.0110293
0.0140549
0.0250485
0.00922273
0.0034384
0.00853715
0.00881571
0.00425122
-0.00456648
-0.0186253
-0.0128157
-0.0104914
0.00784425
0.00764476
0.0127335
0.00509429
-0.0042827
-0.000951492
0.00304972
-0.0116358
-0.0174964
-0.00434391
-0.0194
0.00615427
-0.00476982
0.000747866
-0.0145497
-0.00875728
-0.0126118
-0.00098515
-0.00757246
-0.00600453
-0.000436128
-0.000153958
0.00292667
-0.013503
-0.0277829
-0.00857328
-0.00707607
-0.0133127
-0.0126147
-0.0134664
-0.0158698
-0.0144001
-0.0177769
-0.0149738
-0.0104063
-0.0124547
-0.0154072
-0.00912923
-0.0130249
0.000365146
-0.00757032
0.000800093
-0.00536116
-0.00599266
-0.0106696
-0.00691543
0.00369585
0.00786307
0.00965446
0.00589921
0.0141463
-0.00271248
0.0121921
-0.00106902
-0.0100523
-0.00926683
-0.00325746
-0.0227545
-0.000557365
0.00968402
-0.0101136
-0.002573
-0.000129449
-0.0077666
-0.00857705
-0.00687071
0.00141654
0.00590637
0.0152336
-0.000523917
0.00331429
0.0031796
-0.00261748
0.0131147
0.00773769
0.00832146
-0.0128917
0.00913139
0.0100021
0.00732558
0.00876128
0.00523744
0.006781
0.005993
0.000605007
0.000929403
0.00164465
-0.0058653
-0.0060929
-0.00974645
-0.00625966
-0.00453587
-0.000801424
-0.00221184
0.000739613
-0.00354806
-0.00153342
0.00930819
0.00806809
-0.00269287
-0.0130423
-0.0222379
-0.0218983
-0.0135709
-0.00476855
-0.00346815
-0.00720349
0.000326202
-0.014642
-0.00856281
-0.00822793
-0.0055551
-0.00876524
-0.00408073
0.0136676
0.00686962
0.0125435
0.0114116
0.00254147
0.00629767
-0.00902458
-0.0093059
0.00187784
0.0110852
-0.00216765
-0.0191227
-0.0089507
-0.00021455
0.00211171
-0.00240669
0.00268705
0.0102839
0.00190995
-0.0173659
-0.0148726
-0.00631102
-0.0118955
-0.0241283
-0.0271845
-0.019512
-0.00734515
-0.00319591
-0.00513427
0.00712911
-0.000244253
-0.0128774
-0.0163011
-0.0146131
-0.00799024
-0.0141247
-0.0166738
-0.028284
-0.00051907
-0.00512391
-0.00700075
-0.00992479
0.00460688
0.0130985
0.00846494
-0.0046858
-0.012369
-0.0227095
-0.0161463
-0.0136988
-0.00429469
0.00203431
0.00420029
0.00791313
0.00450197
0.00267551
0.00140176
-0.00486609
-0.00331003
0.00712723
-0.00287229
0.00207083
0.00577963
0.0113857
-0.000815028
0.000476509
-0.00247024
0.0172182
-0.0154521
-0.0131343
-0.00562534
-0.00714393
-0.0145205
0.00573757
-0.00808637
-0.0117775
0.00214662
-0.0104225
-0.000235365
-0.00824762
0.00545471
0.0129851
0.0120228
-0.00950372
-0.0169377
-0.0100172
-0.0107955
-0.0115277
0.00260482
0.00542975
0.00797339
0.0230665
0.0138342
-0.00208226
-0.005085
-0.00971794
-0.00943874
-0.000581834
-0.02465
-0.0112895
-0.0265456
-0.0203809
-0.0300875
-0.0261698
-0.0241961
-0.0245541
0.00217907
-0.000214802
0.00322078
-0.00366359
-0.00951359
-0.0193424
-0.00853378
0.00527774
-0.00575028
-0.00611322
0.000394359
0.0148586
0.0161056
0.00475474
0.000625775
0.00581932
0.00909473
-0.00112982
0.00996421
-0.0010726
-0.00833362
-0.0146843
-0.026433
-0.0177892
-0.0315971
-0.0155179
0.0029344
-0.0108717
0.00579553
0.00915719
0.00336862
-0.00688357
-0.00468184
0.00507166
0.00691317
-0.00633973
-0.0178879
0.00451493
-0.000235413
0.000257949
0.00598718
0.00452648
0.0155951
0.0025511
-0.0136396
-0.016514
-0.0244948
-0.0120269
-0.00254418
-0.00808228
0.000742222
0.00552401
0.00120202
-0.0136171
-0.00397195
-0.00788197
-0.0168186
0.000655485
0.00253094
-0.0128478
-0.01116
0.0109372
0.00470824
-0.00668067
0.0105136
-0.00552822
-0.00582337
-0.000964246
-0.00411855
-0.0158731
-0.0139933
-0.0126547
-0.00470393
-0.00129351
-0.0127547
-0.00557918
-0.00390192
0.00955555
0.0050177
-0.00554112
-0.000524107
0.00890602
0.0115388
0.012448
0.015719
0.0113285
0.00628977
0.0129169
0.0168397
0.0041052
0.00485221
0.00200703
-0.0111986
-0.00842203
-0.0149888
-0.0137372
-0.0136221
-0.00457879
0.000233094
-0.0143556
-0.00221786
-0.0114268
-0.0167443
-0.014433
-0.0102125
-0.0113694
-0.00882312
0.00708854
0.00199304
0.00260438
-0.00202018
-0.0127601
-0.027655
-0.0220804
-0.0117385
-0.0207024
-0.012882
-0.0138045
-0.00546569
-0.0109957
0.00571861
0.00540856
-4.41734e-05
-0.00778107
-0.0171917
-0.00691436
-0.00413218
0.0100114
-0.00984268
0.00060008
-0.00367826
-0.0104574
-0.00793252
-0.00680349
0.00125559
-0.00301809
0.0071727
0.00427748
0.00719182
0.00479908
-0.00881718
-0.00453605
0.00305797
0.00243106
-0.00490964
-0.006037
-0.00355839
-0.0123111
-0.00356378
-0.00636127
-0.0055811
-0.0202094
-0.0229024
-0.00670764
0.0027358
-5.29829e-05
-0.0171267
-0.00704685
-0.00459016
-0.00732601
-0.00960404
0.00158072
0.00916683
0.00474086
0.00461398
-0.0220151
-0.0171888
-0.00462159
-0.00170716
-0.00367514
-0.00396428
-0.0221854
-0.00544493
0.00209596
-0.00371531
0.00682914
0.000597938
-0.00825715
-0.00718372
-0.0081763
0.00449981
-0.0085235
-0.0111162
-0.0125989
-0.00184689
0.000688564
-0.00246866
-0.0112705
-0.00584903
-0.000518621
-0.012641
-0.0125269
-0.0111631
-0.00832818
-0.001751
0.0032915
-0.0161695
-0.0122129
-0.00158444
0.000774762
-0.00273744
-0.0030589
-0.00294912
-0.00234365
-0.00677555
0.00148825
0.00739679
0.00947164
0.00731066
0.0186046
0.0124434
0.00817855
0.00293612
0.0162137
0.0130491
0.00261704
0.0123692
-0.00694742
-0.00356246
-0.0123157
-0.00381964
-0.0135391
-0.00274485
-0.0104921
-0.018337
-0.00252831
-0.00115464
0.0128225
-0.00166426
0.0127155
0.00497385
0.00623875
0.00196323
-0.017186
-0.0166779
-0.0208836
-0.00587251
0.00283101
0.000438943
-0.00200639
0.00428268
0.00124483
0.00746761
-0.00473107
-0.00468046
0.000604824
0.0108157
0.00581113
-0.00201498
0.00175658
-0.0165416
-0.00425133
-0.008987
-0.0193682
-0.00535724
-0.0106503
-0.00606773
-0.0188239
-0.0180738
-0.015934
-0.00132488
-0.00562631
-0.00600982
-0.000478387
-0.0106457
-0.0152732
-0.000260293
-0.00652207
-0.00221313
-0.010311
-0.00463617
-0.0248273
-0.0235873
-0.0126643
-0.0209966
-0.00930057
-0.0136528
-0.0151035
-0.0105654
-0.0197088
-0.0208521
-0.0108125
0.00738742
0.0231188
0.012066
0.0168245
0.0133506
0.0182001
0.00831002
0.0136598
0.01142
0.0030469
-0.00382682
-0.000659821
0.00127588
0.00499333
-0.0174475
-0.00844065
-0.00228148
-0.00313008
-0.00529185
-0.00773002
0.00978293
0.0168523
0.0159801
0.00484693
-0.00578474
-0.00309446
-0.00585962
0.00239978
0.0160865
0.00647476
-0.000285133
-0.00603764
-0.00525152
-0.00742062
0.0143359
-0.00042714
-0.0072283
-0.0154645
-0.00501822
-0.0188975
-0.00994702
-0.00533323
-0.00159335
-0.00040781
0.0060018
-0.0011621
0.000787785
0.0109577
-0.00384586
0.00048349
-0.00799094
-0.00841977
0.00151983
0.00253619
-0.000979616
-0.00120223
-0.00207621
0.00642671
-0.0016697
-0.000779988
-0.00390413
0.00456233
0.00737813
0.00785792
0.00447103
-0.0181377
-0.0236436
-0.0213435
-0.0152169
-0.012644
-0.0207482
-0.0185123
-0.00334587
-0.0135973
-0.0167911
-0.00532768
-0.0236387
-0.0118644
0.00539366
0.0133395
-0.0257834
-0.0282816
-0.0123339
-0.0142206
-0.00753646
-0.0193964
-0.0148097
-0.00477955
-0.00340227
0.00200452
-0.00294844
-0.0105121
-0.0153129
-0.00616402
-0.00699204
-0.019078
-0.000479966
0.00892648
-0.00403952
-0.0102961
-0.00145193
0.00391601
0.00139789
-0.0137701
-0.00288399
-0.00528701
-0.00765864
0.00392687
0.00423955
0.00124049
0.0209192
0.019419
0.0218441
0.024402
0.014741
0.00201944
0.000366531
0.0211635
0.0125955
0.0115211
0.0065884
0.00432159
-0.00149097
-7.44694e-05
0.000676484
-0.0124667
-0.0165888
-0.00197344
-0.00712411
-0.00883982
-0.00887961
-0.00276971
-0.00233456
0.00553226
-0.00246243
-0.0137949
-0.0250312
-0.0140216
-0.0156606
-0.0188592
-0.015941
-0.0235501
-0.0115128
0.00281781
0.00340033
0.0109217
0.00838892
-0.00722573
-0.00925173
-0.00919979
-0.0124348
0.000940826
0.00455665
0.000871682
0.0017035
0.00699146
-0.00604718
-0.0129134
-0.00750212
-0.00557092
-0.00203036
-0.00775241
-0.00555553
-0.0113324
-0.011469
-0.00938752
-0.00873756
-0.00242463
-0.0121074
-0.0130545
-0.00664429
-0.016664
-0.021266
-0.0124414
-0.020983
-0.0131245
0.0037007
-0.011549
-0.00694998
0.00244834
-0.00765598
-0.0143475
0.00143408
0.00585565
0.0075249
-0.00588021
-0.0147386
-0.00445637
-0.0227263
-0.0267298
-0.00629842
0.00700433
-0.0056801
-0.0028238
-0.00302469
-0.000345883
-0.00106067
-0.00387822
-0.00985335
-0.00372017
0.00147851
0.00153051
-0.010943
-0.0174447
-0.0147045
-0.00871325
-0.00203535
-0.00223508
-0.000149261
-0.000366881
0.00440036
-0.00234623
-0.00173538
0.0212234
0.0139526
-0.00793647
-0.00730317
-0.00331359
0.00282249
0.0026027
-0.0136383
-0.00467477
-0.00398841
-0.00515837
-0.0103263
-0.0160746
-0.00695439
-0.0150034
-0.00585121
-0.0097763
-0.0146181
-0.018518
-0.0152958
-0.00229755
-0.0222529
-0.0302333
-0.0352346
-0.0163869
-0.0167944
0.00608316
0.0115954
0.00890229
0.0130028
0.0235164
0.0163758
0.00185701
0.0092627
-0.00165077
-0.00518495
-0.0153863
-0.0137223
-0.00441118
-0.00286393
-0.00814847
-0.0118643
-0.00838019
-0.000230716
-0.00904514
-0.0028356
-0.00352123
-0.00027076
-0.00723101
-0.0121538
-0.0112661
-0.00891832
-0.00908295
-0.0049819
0.00155963
-0.0074051
-0.010195
-0.018885
-0.0035613
-0.00024198
0.00147594
0.0100733
0.0127103
-0.00223364
-0.00985795
0.000940533
-0.00020679
-0.00420829
-0.00464952
-0.00800161
-0.0134592
-0.0182642
-0.00787205
-0.00500146
0.00449972
-0.00444564
-0.00656411
-0.0023229
-0.00907698
-0.0169875
-0.0183886
-0.0127484
-0.0172676
-0.011827
0.00339406
0.0076755
0.00500015
0.0173891
0.00957162
-0.00700555
-0.00916624
-0.0098708
-0.0122407
-0.00651934
0.00177748
0.00731757
0.00519829
-0.0161744
-0.0207348
-0.0135613
-0.00578175
-0.00603398
-0.0113291
-0.00238276
0.00941397
0.00762985
0.0127506
0.00539225
-0.0193838
-0.00101703
-0.000703413
0.0146561
0.00434258
0.00317677
0.00464798
-0.00891383
-0.000762985
-0.00734218
-0.00521597
0.00621948
-0.0132393
-0.00866022
-0.00944886
-0.0141964
-0.0108368
-0.00874825
-0.0113989
-0.0242214
-0.0256426
-0.0164637
-0.0166746
-0.000895456
0.0183175
0.0116923
-0.0030336
-0.0146069
-0.00669679
-0.00319151
0.00762415
-0.0141484
-0.0131002
-0.00134972
-0.00404542
-0.000300622
-0.01192
-0.00990697
0.0116191
-0.00842078
-0.00289551
0.00370882
-0.00201062
0.00457316
0.0102423
-0.0100294
-0.0125519
-0.013848
0.00390803
0.00149068
-0.00811832
-0.00356146
-0.00700667
0.00347498
0.0156586
0.000242265
-0.00654475
-0.00276977
0.00387983
-0.0211676
-0.00509732
-0.00131047
0.0190794
0.0119909
0.00268059
0.00588057
-0.00140562
-0.00803384
-0.017196
-0.00822769
-0.00512856
-0.013404
-0.00831702
-0.00151909
-0.00173599
-0.016879
-0.00449031
0.00303
0.00263973
0.0043187
-0.0114544
-0.0133195
-0.0110734
-0.0215513
-0.0148108
-0.00172521
-0.00870034
-0.0196073
-0.0165611
0.00310967
0.0110089
0.0124527
0.0150045
0.00318455
0.00223241
0.0187304
-0.00373001
-0.000761996
-0.00639736
0.00982024
0.00577262
-0.00919634
-0.00617174
0.00159116
-0.0110314
0.0109554
0.00251879
-0.00039852
-0.00586
-0.0169087
-0.00286051
-0.00733714
-0.00501097
-0.00409051
0.000775079
-0.00273176
0.00164203
-0.0053729
-0.0278082
-0.0200525
-0.00443584
-0.0106158
0.0119134
0.00321539
-0.00973736
-0.00783901
-0.00753849
0.00829644
0.0144174
0.00626189
0.0132769
0.0101373
0.0083682
0.00816747
0.00658336
0.00524827
-0.00269093
-0.00410904
-0.0110224
0.00070926
-0.000540124
-0.00168543
-0.00389697
-0.00788868
-0.0124577
-0.0127637
-0.0186785
-0.00529135
-0.0151272
-0.0073444
-0.0182788
-0.000414378
0.0062009
-0.00651459
-0.0204265
-0.0188323
-0.0207302
-0.00792245
-0.00778365
-0.00833832
-0.0173905
-0.0296083
-0.0222526
-0.00490051
-0.0171158
-0.0111281
-0.000439354
-0.00339457
-0.00650315
-0.00541038
-0.0101658
-0.013955
-0.005696
0.00204039
-0.00904766
-0.00683784
-0.0106406
-0.00479746
-0.00291642
0.00128018
-0.00324139
-0.0039379
0.00198613
-0.00544661
0.0155975
-0.010976
-0.0150223
-0.0176331
-0.0236622
-0.019139
-0.0146826
-0.00702146
0.00832564
0.00659117
0.00579936
-0.00355672
0.0026056
-0.00102024
0.00265357
0.000781275
-0.0175438
-0.0185609
-0.0185308
-0.0148893
-0.00906861
-0.00927141
-0.00540336
0.0035454
0.00980398
0.010484
0.0142314
0.0210689
0.0115194
-0.00560458
-0.00485157
-0.00633148
0.00122569
0.00876036
0.00651968
-0.00417434
0.00227581
-0.00734663
-0.0176611
-0.00672643
-0.00435267
-0.00603116
0.00812682
-0.00678155
-0.0114842
-0.0116325
-0.00708769
-0.000814546
0.00618631
-0.014182
-0.00219099
0.000586634
0.00426657
0.00710103
0.00452214
-0.00138506
0.0119268
-0.000174497
0.00915679
-0.00312431
0.0181687
0.0036836
0.020571
0.00825689
0.00753897
0.000323332
-0.0191752
0.00168551
0.0162102
0.0142302
-0.0109634
-0.0169004
-0.0163217
-0.00735146
0.0164795
0.00355247
0.00462955
0.00663975
-0.010354
-0.00473832
0.00309341
0.0169452
-0.00257181
0.00922768
0.00307907
0.00387563
0.0145208
0.00433971
0.00642944
0.000251238
-0.0219685
-0.0215838
-0.0121796
-0.012837
-0.0170648
-0.00724031
-0.0143013
0.00265059
0.020437
0.0200678
0.0109916
0.00715323
0.0103883
-0.0100704
-0.0038805
-0.0123809
-0.0122083
-0.0145047
-0.0066347
0.00515925
0.00249905
-0.00351223
-0.00743629
0.0107739
0.0126425
-0.00342599
0.00484942
-0.00393443
0.0124471
-0.0144304
-0.000900517
-0.00233858
-0.0159646
-0.0109181
-0.00537315
-0.0184518
-0.00493012
-0.00667696
-0.00986669
-0.0151742
-0.021436
-0.00992404
-0.0116991
-0.00496178
-0.0127119
-0.00466004
-0.0134668
0.00321446
0.0151991
0.0201299
0.0292455
0.00715585
0.0138157
0.0112365
-0.00272632
-0.00167805
-0.00598807
0.000195028
0.00190566
-0.00917464
-0.00142771
-0.00232943
-0.0208216
-0.0170184
0.000453775
-0.00629925
0.000794811
-0.026695
-0.0100631
-0.0108426
0.00353714
0.000808751
-0.00189507
-0.00142153
-0.00680362
-0.0120695
-0.00841224
-0.00114823
0.00110304
0.00405459
0.0136281
-0.0108372
-0.0115137
-0.0129037
-0.00664744
-0.00942247
-0.0175193
-0.00878095
0.0140116
0.00209906
0.00150678
0.00124232
0.00204519
-0.00700944
-0.00848682
-0.00967236
-0.0116892
-0.00804451
-0.00398029
-0.0087557
-0.0128719
-0.0084607
-0.0109282
-0.00894645
-0.0125293
-0.0259004
-0.0161787
-0.0154653
-0.0134254
-0.0108417
-0.00230324
0.00200159
-0.00347797
-0.0074124
-0.00657301
-0.0142048
-0.010801
0.00481722
-0.00611543
-0.00210152
-0.00533667
-0.00518484
-0.00380612
-0.00911903
0.00536806
-0.00156441
-0.00386705
0.0105286
-0.000444776
0.00449658
0.00671161
0.00175282
-0.00324696
-0.00840997
-0.005662
-0.00508835
0.0104024
0.0044589
-0.00691809
-0.00769393
-0.0120212
0.00021781
0.00500335
0.0115379
-4.63776e-07
-0.00324276
-0.000944031
-0.0138227
-0.0136179
-0.0101228
-0.029
-0.0146168
-0.0092129
-0.00580414
-0.00683779
-0.00846499
-0.00755249
-0.00343426
0.000408402
0.00998778
0.00367835
0.00754367
0.00635515
0.00549914
0.0115432
0.00302467
-0.00720195
0.0142402
0.00511042
0.00215674
-0.00522316
0.00213163
-0.000904452
0.00634734
0.00161473
0.00179979
-0.00559468
0.00359893
0.0186148
0.00194748
0.0109843
0.00659364
0.00316551
-0.0113615
-0.009312
-0.00994375
-0.000321271
-0.00265263
0.000566473
-0.000915198
0.000598245
-0.0100796
0.00327644
-0.00383679
-0.0011605
-0.0168515
-0.00698665
0.0045686
-0.00675573
-0.0117621
-0.00138456
-0.00488066
-0.0172127
-0.00859147
-0.0026034
-0.0105786
-0.00343568
0.00362755
0.0181795
0.0151543
0.00832116
-0.00435387
-0.00658365
0.0100521
-0.0123124
0.0101355
0.0126875
-0.00505088
-0.00130047
0.00246101
0.0131204
-0.00589013
-0.00335353
0.00351506
0.00452541
0.00782348
0.0146716
-0.00223986
-0.0112056
-0.00858519
-0.00482301
0.00698603
-0.00479453
0.00547562
0.00246136
-0.0121633
-0.0034624
0.00379408
0.00572833
-0.0167905
-0.00843834
-0.00685795
0.00596624
0.0125145
1.74134e-05
0.00667277
-0.0068682
-0.00426805
-0.0028652
0.00445963
0.00695982
0.00660372
-0.00645236
-0.00639534
0.00201726
0.00433143
-0.00262375
-0.000406822
0.00695322
-0.00332719
-0.00999762
-0.0123589
-0.0131365
-0.00239941
-0.00278465
0.000622328
-0.00187327
-0.00464329
-0.0127551
-0.0174145
-0.0158942
-0.0116458
-0.00905878
-0.0107857
0.0103474
-0.000692139
-0.000623008
0.00984669
0.00684225
0.0020988
0.00412799
0.00402078
-0.00424825
-0.0139406
-0.019345
-0.0184482
-0.0130818
-0.0137551
-0.00531325
-0.00367553
-0.0141605
-0.0211818
-0.017384
-0.016482
-0.0151829
-0.00225693
0.00527298
-0.00654361
-0.00183414
-0.0100986
-0.0114676
-0.0257587
-0.0169628
-0.0153048
-0.019649
-0.0109554
0.00600996
-0.00217156
-0.00633163
-0.0211025
-0.00279883
0.00407445
0.0148179
0.0150026
9.83064e-05
-0.00842129
-0.00352706
-0.0160604
-0.00527727
-0.0150241
-0.00559167
-0.00659561
-0.00968225
0.00405843
0.0132676
0.00384132
-0.000313893
-0.00443184
0.0046767
-0.00505897
-0.00798818
0.0046593
-0.00802411
-0.00642089
0.00241047
-0.00820416
0.0159034
-0.000646348
0.00425968
-0.00229923
0.0169131
0.0128975
0.0137312
0.0142528
-7.94587e-05
-0.0105391
-0.00836732
-0.0051976
-0.00654177
0.00276102
-0.000331841
-0.00144841
-0.00283763
-0.0108733
-0.0191366
-0.000367236
0.00194392
-0.00563206
-0.0112741
-0.0120418
0.000192053
0.0132986
-0.00501141
-0.00964799
-0.0160506
-0.00505371
-0.0146472
-0.0279482
-0.0201359
-0.0231783
-0.00877824
-0.00499493
0.00174922
0.00299981
0.00389539
-8.27407e-05
0.00902299
0.00460794
-0.00283154
-0.00796884
-0.0116321
-0.0145603
-0.0139114
-0.00700777
-0.0170307
-0.0179277
-0.0144049
-0.00966737
-0.0125389
1.87709e-05
-0.00115815
-0.00346514
0.00123347
0.00252856
0.0033225
0.00974843
0.0193928
-0.00149082
-0.0037659
0.00482567
0.00479532
0.0103391
0.0116602
0.00219757
0.00468391
0.00877004
0.0095108
0.0162963
0.0275484
0.020561
0.00908469
0.00248193
-0.00429083
0.0075597
0.00783362
0.00720754
-0.00154011
-0.00861173
-0.0148974
-0.011152
0.00243471
-3.2917e-05
-0.00178635
0.0148049
0.0150888
0.00632412
-0.00932673
-0.00192739
0.00195666
0.00171423
-0.0109123
-0.00728534
0.00634518
0.00322123
-0.0141768
0.00320032
-0.000968635
-0.00215476
-0.00578152
0.00596202
-0.00586544
-0.0155148
-0.0104782
-0.00797869
-0.0185182
-0.0189241
-0.00263907
0.00797863
0.000549119
-0.00867846
0.007409
0.0231675
0.0285392
0.0262704
0.0208269
0.0133032
0.00498383
0.00562321
0.0154791
0.0109146
-0.00201132
-0.00115043
-0.00968551
0.0122094
-0.000154312
0.000344645
-0.000189243
0.00266375
-0.0046488
-0.00955546
-0.0112135
0.00801971
0.00676683
0.0170587
0.00193797
-0.0139703
-0.013723
-0.016771
-0.0133467
-0.00791897
-0.00237332
0.00322072
-0.0155131
-0.0152772
-0.0164727
-0.00843116
0.00690274
-0.00583498
0.00553656
0.00202185
-0.00455675
-0.0140977
-0.00197678
-0.00806032
-0.0180026
-0.0136455
-0.00888046
-0.0176338
-0.016404
-0.0133728
-0.0113546
-0.00530411
-0.0176076
-0.0226746
-0.013692
-0.00986769
-0.0128205
-0.0114374
-0.00569008
0.0116718
0.00569932
0.0121142
-0.00433907
-0.00138233
-0.00688331
-0.0103068
-0.015778
0.00130596
-0.00343426
-0.0163369
-0.0118313
-0.0305951
-0.0150833
-0.0108674
-0.00513752
-0.00621878
0.00157732
-0.00451503
-0.000315525
0.0105156
-0.00954326
-0.0114184
-0.00719803
-0.0131564
-0.0199239
-0.0156903
-0.0104072
-0.0121501
-0.00490416
-0.00147307
0.00220711
-0.00741355
0.00545571
-0.000620748
0.00354085
-0.00934516
-0.00940887
-0.00681579
-0.0153086
-0.0083613
-0.000791744
-0.00336881
0.000702281
-0.00613363
-0.00407357
0.0100324
0.00744291
-0.0020699
-0.00314618
-0.00876578
-0.0114933
-0.0068921
-0.022912
-0.0197629
-0.00510191
-0.00105602
0.00972213
-0.000337029
-0.0164912
-0.00464738
-0.00584507
-0.0093461
-0.00450436
-0.0118339
0.00170493
0.000533995
-0.0109282
0.00511545
0.000986294
0.00776116
0.00858632
0.00812003
0.0138049
0.013837
-0.00598747
0.000560139
0.00462381
0.00238528
-0.00118977
0.0037995
0.00210095
0.000627167
-0.00141595
-0.00633982
-0.0193421
-0.0288329
-0.0147366
-0.0108022
-0.0169029
0.00373836
0.011517
0.0137246
0.000783553
-4.88223e-05
0.0080119
0.00511586
0.00728564
0.0179973
0.0298005
0.00696081
0.00264225
0.00892236
-0.00278923
-0.00403703
-0.0124998
-0.00728474
-0.00614589
0.00084469
0.010021
0.0053917
0.0075989
0.0035272
-0.00914275
-0.00168427
-0.0119207
-0.0059761
-0.00175669
0.00713578
0.00550825
0.0174667
-0.00215792
-0.00989878
-0.00178678
-0.0123136
-0.00607506
-0.0200151
-0.00786192
-0.0196168
-0.0183333
-0.00792441
-0.0179017
-0.0157785
-0.00719746
-0.00323309
-0.00784979
-0.00893344
-0.00630672
-0.014546
-0.0117688
-0.00145504
-0.00234378
-0.0139078
-0.0230907
-0.00759498
-0.00644356
0.00615237
0.00103053
-0.0126347
-0.0103289
-0.00801521
-0.00747754
0.00172886
-0.00247538
-0.00912274
-0.0152711
-0.00410035
-0.00801292
-0.00657552
0.00226247
0.00488568
0.00095387
0.00577969
0.00113457
-0.0131068
-0.0146627
-0.0140877
-0.01287
-0.0135358
-0.015201
-0.0196119
-0.0191608
-0.0193333
-0.00941307
-0.00750701
0.0114773
-0.00421547
-0.00939353
-0.00380137
-0.0219704
-0.017943
-0.00863359
-0.0173126
-0.00410613
-0.0110498
-0.0168306
0.000378114
0.00438278
-0.00596493
-0.0180878
0.00339515
0.00196402
-0.00986339
-0.0127748
-0.0210764
-0.0110605
-0.0021216
0.00119475
-0.000483874
-0.00408819
0.0127891
0.0110754
0.0149618
0.0122241
0.00338329
-0.0129161
-0.0128902
-0.00415081
-0.00236521
-0.00740029
-0.0156592
-0.00739412
0.000717918
-0.0134888
-0.0195657
-0.0185052
-0.000155782
0.00487445
-0.00355627
0.0126517
0.0136031
0.00953148
-0.00740575
0.00951444
-0.0066447
-0.000887043
-0.00279013
0.00783259
0.0026647
-0.00953831
0.00126692
0.0038768
-0.00373587
-0.0242818
-0.00385771
-0.0128805
-0.00813126
-0.00378606
0.00737924
0.0144372
0.0177618
0.0255434
-0.00157493
0.0132515
-0.00743247
-0.0188815
-0.0106594
-0.00553004
-0.0124445
-0.0127763
0.0131169
0.0120126
0.00964542
-0.00382086
-0.0132377
-0.00137536
0.00137887
-0.00180587
-0.00801254
0.0113126
0.00642844
0.0132829
0.0020701
0.00396142
-0.00348079
-0.0018675
-0.00597358
-0.0124871
-0.0288507
-0.0165712
-0.00567683
0.00178135
-0.00792505
-0.00554091
0.0117385
-0.00735523
-0.00383597
0.00311154
0.00742927
0.0119957
0.0119925
0.00905528
0.00581952
-0.000356358
0.00731268
0.000594484
-0.0153336
-0.00393008
0.00231103
-0.000654006
0.00670865
-0.00264355
-0.00704315
0.004135
-0.00187783
-0.00192839
0.00624087
0.00207747
-0.000661156
0.014991
0.00768437
0.0038121
0.00884738
0.0114635
0.00436961
0.00901326
0.00199861
-0.0148302
-0.0100129
-0.00163975
-0.00849162
-0.00452625
-0.00161517
-0.0144486
-0.0240996
-0.0256287
-0.0257657
-0.00813442
-0.0106106
0.0047328
0.0145399
0.0121426
0.0173853
0.0144446
0.00394101
0.0134366
0.00838478
0.0108653
0.00081849
0.00666362
-0.0107729
-0.0162456
-0.0177329
-0.00429751
-0.00918957
-0.0112259
-0.00973651
-0.0123441
0.00848332
-0.00618212
-0.00231568
0.00254349
0.0102748
0.000819676
0.00724951
0.000288104
-0.000681909
0.00263345
0.0062731
0.00331236
0.0217998
0.0228804
0.0103293
-0.00217341
0.0161004
0.0138684
0.000759709
-0.00693945
0.00973677
0.0109869
0.00542915
0.00602236
0.0178354
0.00312103
0.00102909
-0.00963123
0.00254333
-0.0055383
-0.00641575
0.00239468
-0.0145114
-0.00802346
-0.00202383
0.0119557
-0.000488815
0.0116622
-0.00933553
-0.0109842
0.00561337
0.00714235
0.000454958
0.00564638
-0.00671348
-0.00702111
-0.013535
-0.0117787
-0.0342718
-0.0182443
-0.0194257
-0.00791467
-0.00119057
0.00726957
-0.0127355
-0.00584156
-0.00205857
-0.0159971
0.00180111
0.0155338
0.00351931
0.00580905
-0.0118575
-0.0099186
-0.0148355
-0.000183085
0.000329316
0.00632732
-0.00658304
-0.00642074
-0.0112093
0.00196709
0.00599187
-0.00765954
-0.00312944
0.0062781
0.0133645
0.00695335
4.77097e-05
0.0170679
-0.00515483
0.00607461
0.0144409
0.0238861
0.0114156
0.0106351
0.0106348
0.0145644
0.00236655
0.00800255
0.00939498
0.00757187
0.0130922
0.0153284
0.00854679
-0.00381097
-0.00147744
0.000174465
-0.00234029
0.013741
0.00866847
0.00321569
-0.000647469
0.0093122
0.014951
0.0140616
0.0229402
0.00013671
-0.0154796
-0.00616384
0.00432736
0.0121675
0.0112789
0.0104697
0.020412
-0.00268748
-0.0119353
0.00282122
0.00590122
0.00262322
0.00737564
0.00542414
0.0034951
0.00331692
0.00178234
0.00620039
0.00204745
0.00899739
-0.00734647
-0.0134042
-0.0170608
-0.012467
-0.00763537
-0.00387748
0.0131659
0.00847843
0.00278766
0.0080327
0.00414582
0.0192863
0.0132259
0.0155054
-0.00596598
0.00289033
0.000525544
-0.007995
-0.00338071
-0.0127047
-0.0146892
0.0111508
0.00963054
0.0061995
0.00464419
-0.00476755
-0.00545906
-0.00297384
0.00753409
-0.0123922
-0.00923089
0.00132066
-0.0050329
-0.00677676
-0.00815578
0.0111021
0.0118026
-0.00739512
-0.00351704
0.0132742
-0.00715383
-0.00796539
0.00574814
0.00794854
-0.00418249
-0.00556454
0.00091699
-0.0115336
-0.00740703
0.00246161
-0.00124982
-0.00422697
-0.00505312
-0.00158527
0.00166228
0.00111262
0.00222539
-0.00273047
0.00227145
-0.0120134
-0.00300985
-0.00713612
-0.0145245
0.00310684
-0.0037395
-0.0178792
-0.0138945
0.00248907
0.00791503
0.00131245
0.0011955
-0.00438238
-0.00470823
0.00206951
0.0194023
0.0145701
-0.00912384
-0.0329626
-0.0298388
-0.0249066
-0.0145045
-0.015914
-0.0139615
-0.0197314
0.00135831
0.000262852
-0.00496595
-0.0109264
-0.00385165
-0.011626
-0.0145308
-0.0115614
-0.00196141
0.00291666
0.000296461
-0.00504339
0.00209312
-0.0205044
-0.014916
-0.0201877
-0.00407004
0.0204012
0.0223062
0.0105088
0.00923652
-0.000213917
0.00853966
0.0159672
0.0131489
-0.00183753
0.000305059
-0.00810492
-0.00198474
0.00360581
0.000228531
0.0180783
-0.00625852
-0.00146212
-0.000420409
0.0102494
-0.00755752
-0.000519378
-0.00791062
0.00853032
0.00152512
0.00332225
-0.00892815
-0.00241118
-0.0197023
-0.0094395
-0.01566
-0.0104612
-0.0154084
-0.00875007
0.00487797
-0.0111018
-0.00631071
-0.00644644
-0.00655186
-0.0131631
-0.0112734
-0.0135773
-0.0202203
-0.0191492
-0.0144995
-0.00907079
-0.0163523
-0.00690891
-0.00976912
-0.00181274
-0.00540173
-0.00271717
-0.0188545
-0.0253235
-0.0187184
-0.0180802
-0.0114534
0.00465244
0.00469528
0.00477698
-0.00158986
-0.011987
-0.00598724
-0.00633485
-0.0126603
-0.00825196
-0.0117319
-0.006888
-0.0237566
-0.0190681
-0.0211114
0.00478876
0.00843681
6.49407e-05
0.000152127
-0.0174428
-0.00677769
-0.00453667
-0.0122238
-0.00665037
-0.00539782
-0.00334251
-0.00807574
-0.0181269
-0.00936166
0.00383386
-0.0141078
-0.0120702
-0.0215228
-0.00631664
-0.00553008
-0.0123621
0.00191262
-0.00511061
-0.00578192
-0.00609631
0.00776273
-0.00127102
-0.00347355
-0.000946885
-0.012124
-0.000574871
0.0181242
0.0164568
0.0256845
0.00785779
0.00623756
0.019225
0.00190087
0.000788945
0.00540995
0.0122557
0.0268041
0.019576
-0.0044645
-0.005142
0.000983464
0.00335304
0.00348945
-0.00157856
-0.0101258
-0.00411799
-0.000145606
0.00850927
-0.00209208
-0.0309119
-0.0240283
-0.00609028
-0.00883212
-0.0197289
0.000413841
0.00662413
0.00897381
0.0127567
0.00325262
0.0047761
-0.00564692
0.00152018
-0.00269256
-0.00166397
-0.00539555
0.00479191
-0.00135614
0.000149418
-0.00238108
-0.00941742
-0.0129644
0.00311497
-0.00880878
0.012003
0.0131814
0.00366873
-0.000882941
-0.00156215
0.0135225
-0.0078774
0.0084213
-0.000366446
-0.0121583
0.00294592
0.0171094
0.00509747
0.00358096
-0.00659971
-0.0076195
-0.0117178
-0.00645895
0.00443422
-0.0141404
0.000711722
-0.0102439
-0.0101063
-0.0220638
-0.00676103
-0.0182166
-0.0326435
-0.00791724
-0.0075803
0.00103275
-0.000582284
0.00794334
0.00559217
-0.00929657
-0.00324918
0.00507523
0.000433661
0.00258367
-0.00206747
-0.000886797
-0.00832903
-0.01259
-0.0119305
-0.0173509
-0.0214528
-0.00890407
-0.0114544
-0.0110937
-0.00578428
-0.0105629
-0.00851139
0.0030425
0.00262371
0.0112018
0.0149362
0.000952653
-0.016908
-0.00197777
-0.0127867
-0.00791946
0.00172782
-0.00885732
-0.00307403
0.0100318
0.00465189
0.00986922
0.00291187
-0.00685311
-0.0141668
-0.00540292
0.00312346
0.00829693
0.00137587
0.00367361
0.00640033
0.00604151
-0.00652814
0.00075102
-0.00515434
-0.0124059
-0.00260548
-0.00655863
-0.00415659
-0.0235111
-0.001614
-0.016621
-0.00857629
-0.00782726
-0.000201313
-0.00279103
-0.010234
-0.00469292
0.000869894
-0.0023884
0.00670661
0.00152946
0.0015533
0.0183492
0.0207023
0.0102767
0.0109145
-0.000678617
-0.0044311
-0.00664944
-0.00435935
-0.00928171
-0.0140482
-0.00356108
0.00854115
0.00411578
-0.0232624
-0.015039
-0.0114019
-0.0134253
-0.0250357
-0.00291212
-0.00147003
-0.002458
-0.00565721
-0.00617929
-0.01583
-0.0135943
-0.0109638
0.00326126
0.000166713
0.00895396
0.0113886
0.0119351
0.0112447
-0.00421289
0.00405138
0.00103194
-0.0182452
-0.0116103
-0.0157473
-0.0241072
-0.0352041
-0.0228986
-0.00491085
-0.0073804
-0.00550039
-0.00749195
-0.01236
-0.00210484
-0.00385787
-0.0124535
-0.00969668
0.00235914
0.00191767
0.0076156
0.00127499
0.00916727
0.00143676
-0.00330999
0.00509973
0.00443091
0.00414102
-0.00699605
0.00671013
0.00145983
-0.0216847
-0.0107602
-0.00316424
0.00226386
-0.0106899
-0.0110856
-0.003099
-0.0170443
-0.0135172
-0.0162881
-0.00981797
-0.0113317
-0.000700361
-0.000634824
-0.00837304
-0.00753731
-0.00271916
-0.0160564
-0.00490105
-0.00553112
-0.0111392
-0.000359068
-0.00227748
-0.0147046
-0.0137327
-0.00668665
-0.0104219
0.00771227
-0.00927012
-0.00907662
0.00393054
0.0137101
0.00192994
0.017953
-0.000457484
-0.00208977
-0.0112942
-0.00820697
0.00419198
-0.00798422
-0.0193232
-0.00444532
-0.00189641
0.00423593
-0.00619705
-0.0128214
0.0117159
0.000709103
-0.00954973
-0.005297
-0.00808999
0.00362173
0.00655069
0.00594728
0.00458628
-0.00509643
-0.00170157
0.011971
0.00413497
0.0121486
0.00781811
-0.00425387
-0.0296111
-0.0134905
0.00299297
-0.016426
-0.00453818
0.0193672
0.0069885
0.00113368
-0.0109254
-0.00407089
-0.0131245
0.00607579
0.0152286
0.0176118
0.00580465
-0.0184419
-0.0102438
-0.00711294
-0.00159753
-0.0101696
-0.00455467
-0.00899591
0.0062744
0.0062731
0.00687378
0.00453746
-0.00895568
-0.0100815
0.00661919
0.0053316
0.0172836
0.0147978
0.00470542
-0.00850131
-0.0192816
-0.0226999
-0.0112509
0.007814
-0.00818089
0.00162552
0.00224862
0.00849633
-0.00127078
-0.00498679
-0.00834805
-0.0044056
-0.00588077
-0.00849276
0.000640511
-0.00537924
-0.00723878
-0.017425
-0.0244729
-0.0235654
-0.0158655
-0.0149827
-0.0158437
-0.0164926
-0.001795
0.00317885
0.000883083
0.00573026
-0.00117312
0.00204081
-0.00424787
0.00432367
0.00151683
0.00676939
0.0129103
0.00795061
0.00306979
-0.00874849
0.00255235
-0.00644154
-0.0173127
-0.0191643
-0.0136783
-0.0251795
-0.0251277
-0.0124099
-0.00925976
-0.00757191
-0.0107476
-0.00179533
0.00528772
0.00685847
-0.00527139
0.00546533
-0.00306044
-0.0105767
-0.0212909
-0.0193074
-0.0112617
-0.0137932
-0.000907163
0.00285749
0.00779072
-0.010854
-0.0218812
-0.01563
-0.00907059
-0.00778099
-0.0119896
-0.00165804
-0.0144059
-0.00195806
-0.00274015
-0.0055148
-0.00810527
0.00129692
0.00436028
0.0133786
0.00844408
0.00437887
-0.00296149
0.0142857
0.000479627
0.0117239
0.00464468
0.00902375
0.00717853
0.00385991
-0.00264487
0.00851699
0.0212497
0.00514848
0.0145542
0.0124818
0.0109424
0.0117838
0.00921772
0.00714813
0.0087405
0.0114594
0.00761966
-0.00108613
-0.00446176
0.00915014
0.0128104
-0.00831907
-0.00645761
-0.0131214
-0.0223698
-0.0172026
-0.0168142
-0.0179074
0.000826105
-0.00899143
-0.00495048
-0.00327267
-0.00433488
0.00427735
0.000297203
-0.00508891
-0.00484148
0.00840641
0.00581498
0.00445453
0.00592114
0.00622136
-0.000588563
-0.00191791
-0.0237336
-0.0210669
-0.0163041
-0.0274822
-0.0166177
-0.00196535
-0.0108525
-0.00666786
-0.00564072
-0.00189909
-0.0134936
-0.00757077
-6.3077e-05
-0.00375996
-0.00685073
0.0018414
-0.00908048
0.00562255
-0.00275058
0.00817056
0.0167364
0.00346063
0.0025312
-0.00717155
0.00636706
-0.00146311
0.00222762
0.00518194
0.00745094
0.00265446
-0.00671204
0.00379896
0.0124814
0.029207
0.0287795
0.0173587
0.0182981
0.0105773
-0.00412594
0.00128077
-0.000326165
0.00146981
0.00211301
0.00186475
-0.00951547
-0.00426004
0.0154656
0.0116604
0.0110622
0.00386994
-0.00204446
0.0151705
-0.000657557
0.00861886
-0.00145597
-0.0119598
-0.00579282
-0.00885915
-0.00518104
0.00711201
-0.00992176
-0.00383256
0.0105325
0.0146876
0.000443597
0.007229
-0.0123943
-0.0146082
-0.0163931
-0.0125166
0.0138367
0.00703554
-0.00450667
0.0116051
0.00577445
-0.0116677
0.00266929
0.00503682
-0.00213606
-0.0146285
-0.0187688
0.00225756
-0.000473951
0.00215669
0.00491227
-0.0102697
-0.0186794
-0.00648659
-0.00347076
-0.0167037
-0.0116468
-0.0164128
-0.00252298
-0.0118491
-0.0111772
-0.0106023
0.00216762
-0.0164311
-0.0224509
-0.0288817
-0.0266714
-0.020072
-0.0158791
0.00536232
-0.00160214
-0.00280323
-0.0123401
-0.00917656
-0.00576371
-0.00531998
-0.00857742
0.0129209
-0.000344136
-0.00453517
-0.0045262
-0.0101693
-0.0057738
-0.0135259
0.00150016
-0.00662476
-0.0121573
-0.0011748
-0.00534599
-0.00338315
-0.00355844
-0.0106188
-0.00386687
-0.00379569
0.00742977
-0.00124992
-0.0164932
-0.0107254
-0.0144249
-0.0189816
-0.00503292
-0.00750202
-0.010971
-0.0194056
-0.00745225
-0.0158731
-0.0111989
0.00181226
-0.000717825
-0.00873327
-0.00530718
-0.0063224
-0.00205374
0.00262948
-0.000720084
0.0111286
0.00325024
-0.00936726
0.00952125
0.000474638
-0.0024136
-0.011261
-0.0123028
-0.00997696
-0.00995389
-0.0153378
-0.0202389
-0.00201801
-0.0115464
-0.00235009
-0.0103822
-0.00221951
0.00485221
0.00589025
-0.00175071
-0.0089183
0.000535584
-0.00995982
-0.00384823
0.00545376
0.0148551
0.00725874
0.00878428
-0.00641002
-0.00197891
0.00305059
0.00642589
0.0103582
-0.0017049
0.00527673
0.00710514
-0.00452753
-0.00829253
-0.00435479
-0.00837112
0.00233911
-0.00353098
-0.00113526
0.00247766
0.00774089
-0.00706119
-0.0114941
-0.0183396
-0.0113452
-0.000993102
-0.00579002
-0.00238923
0.00442605
-0.00246703
-0.0102598
0.00254276
0.00919687
0.000585092
-0.00654299
-0.000288293
0.00989527
-0.00242947
0.00517447
-0.000236889
0.00919846
-0.00293153
-0.0154804
-0.0211022
-0.00639322
0.00427839
-0.00717606
-0.00729523
-0.0155025
-0.00622294
-0.0234242
-0.00779507
-0.0103146
-0.0288488
-0.0175012
-0.013614
0.00451677
-0.00828734
0.00117564
-0.00221071
0.000150296
-0.00891006
0.00538557
-0.014129
-0.00164923
-0.0169531
-0.0125958
-0.0106204
-0.00364473
0.0023676
0.00523967
-0.00385615
-0.00661361
0.00738618
0.0165906
-0.01484
-0.00838443
-0.018297
-0.0117498
0.0078089
-0.00827252
-0.0108339
-0.0130435
-0.0104083
-0.016804
-0.0121612
-0.00457009
-0.00802078
-0.0131932
-0.0205236
-0.00268862
-0.0111462
-0.00181766
0.00177462
0.00800725
0.0114251
-0.0076026
-0.00477965
-0.000148329
0.0031367
0.000432364
-0.000744048
-0.00324168
-0.00553473
-0.0135898
0.00888136
0.005012
-0.0007693
-0.00354279
0.00185904
0.00853809
0.00587775
0.00813245
0.0037901
0.0173504
0.017187
0.00964686
0.00375591
0.014871
-0.0013679
0.00405409
0.0186594
0.00015208
-0.00398543
-0.0122644
-0.00242328
-0.0142171
-0.0108215
-0.00673814
-0.00359185
-0.00200861
-0.00207361
-0.0162524
-0.0176152
-0.0299599
-0.0140672
-0.013396
-0.00623791
-0.00773367
-0.0139002
-0.0242365
-0.0270099
-0.00887769
-0.0240625
-0.0124869
-0.00298412
-0.00451587
-0.0122714
-0.0099817
0.00331157
0.00776787
0.000717113
-0.0047085
0.00160533
-0.000383349
-0.0037557
-0.00137839
0.0056828
0.00343656
-0.00516266
-0.00288512
-0.0137185
-0.0130033
-0.015663
-0.0114421
-0.0166668
-0.00294187
-0.00300396
0.00121517
-0.0125985
-0.0146219
-0.00380518
0.0094748
0.0126858
0.0113421
0.0107012
0.000910373
-0.0100805
-0.00235282
0.0107473
0.00806286
-0.00695046
-0.00436869
-0.00958141
-0.01247
-0.0142275
-0.0172114
-0.00474812
-0.0104785
-0.00716217
-0.000702141
-0.00427369
-0.00758511
0.00414523
-0.00375673
-0.00998309
0.00213592
0.015914
0.0078176
4.41347e-05
-0.00166871
-0.010851
0.00947203
0.00562929
0.0124018
0.00226815
-0.00287791
-0.00235369
-0.0116861
-0.00350818
0.00519775
0.0008086
0.00364919
0.0159288
0.0239519
0.00943778
-0.00444667
-0.00254711
-0.00168517
0.00194663
0.00395352
0.000511163
-0.00950757
-0.00625784
-0.00732067
-0.00607702
-0.00199066
-0.0101369
0.00557749
0.00218184
0.00806508
0.00732983
0.00807792
-0.0115458
-0.0107282
-0.00575364
-0.0071429
-0.0139071
-0.0130242
9.06356e-05
-0.0189079
-0.0231768
-0.0268515
-0.00690313
-0.00044775
-0.000832232
0.00458759
0.00569882
-0.00118825
-0.00108925
-0.000702141
-0.000315879
-0.0131972
0.000903058
-0.0100148
-0.0145782
-0.0068639
-0.0247941
-0.0222534
-0.0146856
-0.00376535
-0.00176702
0.00714161
-0.00254542
0.00217766
0.00369333
-0.0147078
-0.0177517
-0.0104208
-0.0049983
0.00454129
0.00533302
0.00361629
-0.00310903
-0.0142302
0.00451191
0.0110932
0.00362153
0.0032011
-0.00183721
-0.00209174
0.00774179
-0.00841872
0.00422442
-0.000242676
0.00657747
0.0140877
0.00857269
-0.00416637
-0.0162453
-0.000448398
-0.0214548
-0.0310887
-0.0224821
-0.0181372
-0.0159964
-0.0185672
-0.00696931
-0.00295635
-0.00315325
-0.00664478
0.00170648
-0.000386995
0.016195
0.0080246
0.00280521
0.016732
0.00658048
-0.00343749
0.00549776
0.00751225
0.00327673
-0.00142095
-0.0127609
-0.0224188
-0.0257532
-0.0124039
-0.0178023
-0.00761243
-0.0194791
-0.0224178
-0.0192209
-0.0154273
-0.00617663
-0.0157983
0.00486763
-0.0105122
-0.0260149
-0.0103487
-0.00499723
-0.00879113
-0.000529001
0.000915519
-0.00381527
0.011415
0.0159966
0.00447926
-0.0129964
-0.0217165
-0.0125055
-0.00195477
-0.010722
-0.0140974
-0.0225678
-0.0212831
-0.0107327
-0.00911923
-0.0135426
-0.00576831
0.00189542
0.0120068
-0.00251833
-0.00837577
0.00462461
-0.0170915
-0.0275371
-0.00646916
0.00132037
0.00258397
0.00375441
-0.00810067
-0.00254359
-0.00179865
0.00585976
-0.015368
-0.00737293
-0.00530218
-0.0187434
-0.00538828
0.00129303
0.00588654
-0.00417261
-0.00362804
-0.00875575
-0.0054267
0.00129677
0.00630984
0.00758398
0.0149412
0.00948063
-0.000777017
-0.00649429
-0.00127574
-0.0129631
-0.0131013
-0.0145979
-0.0264133
-0.019841
-0.00196932
0.00468037
-0.0126951
-0.0121618
0.000407562
-0.000896428
-0.00833357
-0.00678737
-0.0186181
-0.0178891
-0.00639015
0.0022078
-0.00799121
0.00334262
-0.00507378
-0.0053524
0.00324406
-0.00850581
-0.000368848
0.0048666
0.00166895
-0.00943981
-0.0129712
-0.00315425
-0.00299793
-0.00888892
-0.0166043
-0.00642311
-0.00635586
-0.00338012
0.00889103
-0.00844048
-0.0129156
-0.00833
-0.00174583
-0.0128125
-0.0078574
0.00387665
0.00224768
-0.0067417
-0.012293
-0.0106088
-0.00315985
-0.00768979
0.00114953
0.00118395
0.00735805
-0.00230329
-0.012861
-0.00237648
0.000307584
-0.000199331
0.00802433
-0.0034898
-0.00471377
-0.0238939
-0.0167088
-0.00610516
-0.00923814
-0.00614751
-0.00885387
-0.0114315
0.00331706
-0.00206426
0.00318523
0.000582781
-0.00323061
0.014347
0.00510028
-0.00102524
0.00417371
-0.00385639
-0.0112603
-0.017397
-0.0184248
-0.00782072
-0.0133697
-0.00715313
-0.00117322
-0.00525385
-0.00688493
-0.00197539
-0.00969554
-0.0137897
-0.0135767
0.00361974
-0.0038109
0.0032449
-0.00577064
-0.00227654
-0.0233368
-0.0152546
-0.00765864
0.00012925
0.00231921
-0.000297774
-0.00164424
-0.0109231
-0.00816718
0.00215926
0.000468652
0.00443149
0.00783278
0.00797933
0.011733
0.0146933
0.00741451
-0.00324835
-0.00394376
-0.0121278
-0.00229932
-0.00573866
-0.00539358
-0.00922169
-0.0118176
-0.0043199
0.000516142
-0.00776275
0.010708
0.00863423
0.00763616
0.0205484
0.0122647
-0.00637552
0.00395193
0.00560198
-0.0011274
-0.00976768
0.00698661
0.00546549
0.00911503
0.00939267
0.00824899
0.00208586
-0.00257113
-0.0119275
-0.0182821
-0.0334792
-0.0112863
0.0131306
-0.00604871
-0.0098749
-0.00607906
-0.00379741
-0.0110865
-0.0123059
-0.0171906
0.00265916
0.0119191
0.0106664
-0.00430339
-0.00210844
-0.00585366
-0.0122818
0.00015594
-0.0069185
-0.0121689
6.58193e-05
-0.0183199
0.00323787
-0.0140778
-0.0178827
0.00597921
0.000614707
0.0018546
-0.00231778
0.0115776
0.0070577
0.00061579
